100000157973823
100006501337137
100002225066025
100004828200060
100002964990047
100000184223171
100018881322721
100006748816501
528988748
100010986308572
100007317069382
1899891227005223
1293379010675772
572485852943216
100008006561197
100002851458259
100001634177933
1758301460
100000261891498
100003233121182
642903809
1851777720
100000856389510
100003240220629
100012091789725
590803996
1097018039
100002111703673
100000133831771
1436395908
100005149604938
100001273115062
100013422870192
100029679962106
100012306793732
100038409017308
1490645864
100003478342080
100001644746044
100000300781103
100003329942281
100000564741050
100001873477272
1158812690
522912328
100000180714715
1005989982
100001508796120
818074087
748869690
100002406234373
100002749008319
100003600283721
100000177543208
100001752098064
100022504501913
100004735713839
100015007848597
803364520
100038543354484
100001742512978
1069507366
100001293441614
100035415795175
100000066353138
1011061348
1528723179
1381437557
1224883456
100001847436417
100000291840895
100000130178689
100010654426732
100004064321567
1601471908
100003761886900
100004845120581
100000228129132
1232435729
100000032931026
100000285097226
523399188
100003618922679
100001812706412
100027906801870
100001429584290
100004119940267
100000512590994
100002169180211
1436127161
100003219156812
100002972954146
100001738867934
100004207116836
100003261070547
100003745230976
1454297009
100004337923783
100000069083330
1845978014
1842651213
100010727948536
100009794832905
100007971455742
100000117579032
100000472782505
100004163344813
100000653771988
100015755978174
100023236895955
1669656709
100000163690641
100003189871022
100003041362136
100000105323630
100012918751381
100007953184914
100014004579937
100001205290256
100005088094855
100006889862805
100035231436774
100030940579349
100006795721444
564379285
100033051224448
100002974079229
100007674275898
100035400563559
100005701362462
100026608703598
100003871227977
100002048509083
100000399110004
100004066712914
1150738018
552584953
1816810360
100031475236963
100004333320325
100003747317669
100000369875474
799997919
100000784868486
100001337932677
542786424
100000345247481
100009423914559
100013283562408
100003297237154
100010460340256
565236778
100005984474756
1112083275
100002229794100
100006773410363
100012171859491
100002626176287
675401254
100001206835264
100002390154914
100016019256795
100002309417181
100000274770068
100004375690408
100037215697067
100015769110896
100006165394061
100002859956334
1827741601
100003180001264
100000212071622
100012080221572
100002865146391
100000953166533
1729917400
1490898172
100000225087411
100001646605934
593500301
1039420157
1407691684
1722085572
100001654537871
1034952216
1059188480
1249493773
100006526352975
517062783
1545815075
1270887322
100017119930307
100005317726011
1502079587
1359105044
592844184
100000248501528
592938465
1814663520
100001301865545
100003484256365
100017877782903
100003011497192
753318769
100000161050856
100001630103254
100001855514133
1794704735
100003833602916
571918906
100002917429644
100034131677196
100028814323305
842980240
1418875634
100009419656856
1299377601
702448467
100004626376801
100023167282949
100005436691831
100024988450299
1491336698
100000099294389
100000048101205
100001525554775
100001417830457
100000337823344
100004093991144
100028457329857
100006530310759
1731186729
1725453029
100001698472146
100028770370853
1665918618
100000203161850
1031403657
100002114810330
759578464
100027058203255
100021830643319
100000012835628
100014383663032
100022204593663
100001321089055
100005437753260
100003024734640
100000008975616
100000468317367
100003568477574
1465043790
100006799426871
100004411903824
100000493563484
1133311205
100008016542238
100008724105171
100015446071782
100000433932174
100000194257617
1203415655
100001830528395
100003278118271
100004495657753
100021522249946
100000153043906
100000200234556
100002910496757
100005904581738
100006675545077
100000319242370
100000237483164
100006465171594
1303384980
100005035052991
100001442740501
100001605103993
100006831396367
100006595837428
100000259051284
100004204127617
100000324804355
100004010064293
100000755860235
100001267450222
100004522990461
518523735
100010171457652
528289454
100001428496811
100000408527283
100003275929681
100004398432988
100000023270970
100005884445887
1282185872
100003564990015
506127412
100035106921638
100001837405463
100024745448585
1780476993
100028955649063
1116571835
100000003438342
100003168691771
100004067744591
100034937153009
100017361516739
100004627698319
100001662466809
100003808248978
100005265581928
100000439301774
100000082630042
100027451085710
100001179237648
100001820424417
100009983135731
1341628344
667789043
100004002206718
1842437887
100000396552039
100008236426228
100000217028337
1528002312
100002449302091
100001605003978
100008822168014
100000186050809
100005856576850
1505263473
100003286070973
100000245701849
100005191145697
1102596709
100002191702633
1237608048
100026267630626
100001057750859
100007948364475
1629604173
100000371332703
1728203847
100001288126576
100000232640099
100001407449066
100024143747034
100001824334430
100020036416885
100001070962308
100001560025669
100002858143177
1319179192
1674961530
1537753311
100034645282703
100004465994538
1642755621
100004632312825
100008596091648
100006357723706
100000316325140
100000462049564
100024231403544
100001220052214
100022426177587
100000580595329
1565397366
100000127207145
696928444
100000203542650
100000217744757
100004099070876
100001625868439
100005718035518
1658113618
1230115606
100002330218497
100015304900598
100000916918816
100001025565267
100009945435147
1766446046
100012757636537
100001318686039
100002075469036
1780314972
100002476622914
100000175633692
100010510516129
705232368
100006422862333
100003996536833
1714031652
100001789230067
100004195123449
100000351001266
100001387098790
780644527
636471705
100001683372159
100013306783365
100002474388732
100005645821425
1814572591
100006982507520
100001587370724
100004720995315
817964446
100000219111090
100005962362632
100000078122533
100003384762813
100011706735934
1464141628
100032778038409
1247201302
537782495
730436958
100000006374082
100005258507462
1703062790
100000101624371
1843417309
655834305
100000771323997
100006432628642
1844035889
570704198
100009809190159
713726939
100005529794986
1591816036
637136980
100000341882635
727673570
100004168452231
100003085518639
100002555838616
100004505351214
100002951288519
1465232623
100011226782881
100000200951085
100000456091070
544739257
1278896573
100001860480393
100000213667900
100000438570441
100002295266495
100002852424782
100000036298234
1138511881
100002474984161
100003179910385
100001884548995
1066746225
100010987787317
100000215450464
100004404422424
100034122680662
100008312351232
100000015863296
100003872905608
1022839410
100004137011203
1367289067
677869436
1564582730
100002802894717
100013248312267
100007318248992
100001900923387
100001297124723
100000819083148
100011850378621
100008674236066
1640390603
100000194525082
1509266860
100003882737838
100001267061993
100000011307475
100003188286610
100034256828777
100002311275691
781314443
100000322869393
1432532029
1817550996
100000221322423
100013381001393
1439913201
100028182974915
100029005964076
100006533550001
100004251782413
100000393392883
100007214979814
100003192181618
615635373
100026375813956
1470325983
100001360475051
100001015789200
100001172862035
100000112015493
100015198557160
1721997381
100001094696476
100006132870281
466408700071476
1014620477
100000688928047
1631304252
1720738349
100005301739368
100001779099944
100010943947356
100001153265165
100006061322348
100010095762923
100006412471826
100034218453483
100000038903708
100001602850621
100000024063754
100000077016531
100001752411950
854800503
1062105476
100015487800886
100001776407132
100000017208500
100005062710660
100009552692641
100000274580592
100015160242639
100003215694705
100002222163903
755095099
100001209125440
100003909364505
100001909344532
1702352350
100000076763341
100010234052190
100001489393991
100000271680165
1035028197
100003080452499
749439839
100004014409505
100000184440414
100007904889716
100003324281390
507956458
100001125459183
100001131692796
1382962821
100009506515396
100000939932049
100000209534528
100014609297922
100010905544603
100011417347569
100001907430627
100004164792439
100000292119825
100004081965285
100003264766692
100000329672499
722564550
1679088772
100000586917154
100002367798020
100007067316919
100000247004303
100000217596844
1655036048
100002277858836
100015202629200
706268179
100001596823483
1753790130
100005129596029
100005860277599
1145980795
100000561522899
100002687907459
100001697195743
100003125781681
100008238067531
100004771662725
100000346090896
100027474495400
100000055873206
1320338824
100000486292090
100000122405956
100001768695006
100002823904897
100001718261610
100010647376248
100000624781808
100008337333799
100002285371643
100004886942199
100003349161964
100000219674657
100003899761567
100030833730711
100000425699101
100012681341861
100002882155049
100002404500817
1145214261
100004745833175
100001300550031
631997255
1433843956
1224437647
100005342252743
100004681189096
1550077668
100005371176852
100030909639826
1646722373
100000293874141
100003609257775
100010651926664
100001702385694
100022289903317
100015705633326
100006132254080
100003114471951
753196488
100004838377521
100000231771255
1130406380
100006100985277
100031994387567
100004029499129
100004514980269
100017601343793
100008919490009
100008021550293
100001492602630
100001378595846
798313008
100003074385193
100010077090713
595029031
1222435080
100000021278856
1782823144
100011768766363
100002365671847
100003001258339
100003539505947
100001901002323
100001248016610
100001909291646
658926274
100007895053349
100028003576478
100003087427723
100004184706617
100003261850304
100002576278936
100000733491902
100003879140519
100003080685810
1557241639
100010299423319
100004875131379
100000078325102
1295571915
100006651671813
100002216998654
100001091425634
895895439
100003739360441
100002939017927
100004863011457
100003717603333
100000599493428
100011312737871
100003029562728
100013596124928
100007328670920
100026359205226
100000082193760
1428770200
100007114957048
100011257578449
100003136308597
100003240955304
100003224444542
100016991286991
100003197885148
100026050604237
100028036989127
100031403972414
100007696897896
100001304971002
100001957728366
573419523
100003028437226
100000002894688
100000427832564
1042252307
1021152176
100003927454194
100010693664843
100000109958409
1009339834
100001750168849
100000154711423
100000001429756
100000409475009
1789413756
100000714238447
100028851393495
100004417094379
100002959973100
100003052016736
100003907710246
100007837055404
100010850581532
100008436040752
100006581718971
584828470
100000279643412
100007272091714
1671671042
1840894858
100003904803520
100003114284272
100005572419240
100003813038078
100001720580871
100002696803669
100004228271798
100000281651969
100000017156929
100003230716542
100004226897754
1216420777
1080354570
100003280288501
1070436997
100010294004881
100004327952580
100000069661695
718223305
100002333373779
100006288968107
785673279
100004651925911
1799386007
100001788378739
1028869191
100003863684859
762699723
605803572
1290440268
100000072121275
100002577316841
100008320489169
100001364042018
100014378739401
100010165352147
100001342873683
100000117231067
1702184065
100002737400637
5404554
100004443637024
100006426129870
100000183003403
100002643188069
100000863864818
100003238467103
100003165015810
100001644060099
100001310880424
100000426126439
100006848863098
713147507
100003773477784
100014452740996
100003195318448
1347386983
100000397511674
100000052846042
1057983601
1816400244
100015486588606
1476667828
722522320
1781057198
100030069140887
1514877435
1841689914
100000080944793
100001327803673
100002881618215
100013322115895
100000283163063
100001325362154
100005613727659
100001914800481
100005355871490
100018812924090
100008331017558
505706185
100007442103262
100005979696033
100000147913502
1107052441
100024026082872
100006223902312
100000006234783
542069715
100001055901036
100000656713785
100006366552343
100004567868392
100009531692676
100000200641847
1560596690
100002942502066
100017484137555
1796919419
1790659428
100000481756009
100000126614293
100001678051969
687798909
100003689681821
100010146394442
100000190998177
1658862438
100009171554021
100011388169418
100015528729852
100000500268121
661222793
100010635511908
769237818
100011393015145
100004601401026
100001315327862
1530194284
100000053607723
100010239280144
100013455852591
100000136112917
100000305638817
100000324960466
100001213244350
100000905726590
741563817
100000038625500
100000268705675
1495008903
100003149903249
1362926373
100000155419970
100000247750019
100011322074928
100000057036868
100016443213798
100004821342511
100000231247931
1048180475
1043219610
1757652130
100004648303932
1539097782
100000934546692
100011971772666
100012651136202
100005755392684
100000128806787
613347705
100007220353046
100003212978167
100006544657780
100002945724864
100012055720067
100004184648006
100005974813135
100006983567482
100004359283289
100009625904513
1641014864
100003245605543
100004429633066
100000157523909
1213841602
100002955592960
819883669
100003786952988
100004719666162
100007745921996
100001304160659
1542580326
100001532054391
100005262758838
100027503416713
100010319972383
1218602398
770986078
100004338882087
1139539319
100001911436583
100007097025997
1290416116
100001674402619
100009193989214
100004753835041
100000093690197
641498918
100001553180128
552629556
100008838521271
100000320330225
100022604718324
100004442831244
100001896423709
100006705669874
100007319348585
100024104805714
100000222770174
552324153
100000309207996
100006007577722
1835421251
100004412317637
100015656951937
100012611082755
1169349804
100007774513042
100008565394440
100000344265142
690807744
100000464949314
100009440257725
1168659750
1097622920
100019311390393
100002703078797
100005562433171
100011081925042
100001684012278
100004399844363
100000143727290
622503787
100000162815920
100013336696129
814649903
100001443364144
1702697247
100003160175223
702141985
100000412643381
100000196451249
100002411464104
1520373975
100000383347437
100028340649459
100001357875132
100011765948071
100016066508539
100000060061956
1824589070
100001091890603
605458965
100003733404969
100000087157418
100002876988672
100002873475890
1805334542
100023933954502
100004182435002
100000581928387
100003135062111
1557027661
100002835136145
100000061505042
100000416527191
789544661
100001463185444
1605890634
100000289651075
668918417
1547764903
100000902384114
100000130085846
100000943128045
100000006406741
100000825668364
1523181461
100003853160935
1414078432
1323132089
699359748
1003880309
100003712758901
100000417187923
100000260319005
1266203843
100000982246247
777386449
100000036060236
825632298
1840995109
100000129922537
635554083
100002536149073
1715577966
100002823166911
100000298231601
1196937694
657406957
100002816113052
100005055826352
100004096094000
100003757030418
1787078453
100007349341735
100028834990874
100028630216524
100003315268949
100006485595875
100024560031442
100006809343133
100000188456234
652227679
100005340692506
100001127953728
100006950801569
100007775084039
100008013690074
1684754686
100001416339891
1680736844
100006219425349
1217446923
100000097004198
562754086
1843135785
100007113914945
100000065028217
100003864909222
100004301468390
100000077074055
100001667743777
100001629344654
100006583210177
100027831606249
100005671965451
1703906630
1496617787
100000345912583
100009671346738
779101667
100007500642667
740120064
100000229566590
100004861982779
100004048790578
1729940017
100022057009099
100024223758030
100024272050192
100009929537093
1202095583
100010070701418
100003090226501
1013059891
1152237125
100002723148420
100024492133316
1784443215
100000074676123
100001598155564
100017288135711
100003062516960
100007707575094
100005555132813
1798308294
100028163114882
100002977545114
100002876871595
100005975166981
100006278928026
100004383932170
1796363925
1017005688
100004917168101
100028163707874
1039373955
100003037138777
100000810279982
100006476320719
1158066487
100027015063894
100000092641635
100004035853304
100002677392978
100003028901179
1850238254
100000450696406
100004293251869
100011248157876
100002088790567
100003624286687
100001675369738
1797815731
1309418490
100000460903446
100001277720609
100006359109305
100006093224589
1007005449
100011528025758
100000588911114
1020594049
1299847518
100007899574812
100004101374236
1258491920
100010493831979
100024891833914
100007852480765
100013815711866
100000451925440
1267342769
1275147268
100004519185162
100007845732623
100010861800527
100011005831334
1811533704
1116815344
100007710944236
100001821505595
100009002646467
1195886664
100004179096777
567519758
100001463034682
1541394803
100005351741781
535280718
100002953805046
647982462
100010189416579
1725326026
780929543
100000291663386
1597541922
579373436
1558027857
1786995166
100000064282574
100004070778886
100000110437449
100006770645488
100000146224083
100001407273149
100001576154421
100000121954722
1566341262
1262848184
552859706
100000128152286
100001702218319
100000149081522
100000104604306
100003636812582
100000068472519
100002199615922
1750882245
100000924198756
1843848927
100003586608882
100000363851589
100001753822402
100000309713878
100027022245150
100003862527312
1339787765
100000053850027
100011997105452
1232545285
100003669131105
1020291786
1696166203
100002422269536
100011576070744
100018934449345
100002177281792
100002332705606
100007893810964
100001808602181
530968779
870480626
100005993705053
782903943
100000214865290
1273020558
100023543882602
100001585437550
100004831088627
100000282874057
100000313772518
1125871262
100006332644078
1281030296
100004070414253
100000033363677
1763439361
100000104460511
100000598652609
100005843880483
100009003704444
100004183653205
100001407882527
721615022
100002941158133
100000186194293
1301527863
100003258098036
100000172572579
100000360582775
100000135834233
100000177692311
100027339403355
643897446
100007898020551
100000075193934
100022707679787
1235665487
100000385511426
100003155302859
1827944907
100004358492808
100001386281807
100001680366321
100000087053554
1125053173
100004201871823
100003266492191
100023252443859
1548886207
1460183287
100000151812941
100000213941170
100021563190981
100000065984591
1646581223
100000211392395
100001530270134
100027297930912
100024513015254
1271611069
1738251678
100003342780289
100005746038679
100000018139092
1295425451
100006775267452
566969181
100002434494036
100004912746700
1526567597
100010517136175
100012307365727
100004496802426
100013220983270
100003732026931
1351306811
100026130760484
100001027818649
100001537817489
722566274
100002436796782
100002219664883
100026601650786
100003799091043
100003086896314
788048613
100001693799100
100001660614494
100016422550694
100003908796088
100002415254209
737432361
100004343679774
100001185221882
100000665148348
1836040861
100003767330974
100000211306693
100012366335738
100011197238967
100002686705006
631011830
100000054362124
100018899719264
100001643395253
100002811377585
100000206479054
100007335813557
100002827012358
100001304307836
100002591264065
100000337023610
100003804594319
100003174499949
100003899139014
100010446991432
100009017780820
1549652009
100005979002949
100005540468214
100004041368371
100005351438898
100009095476521
100004370401740
100015391084807
100007954278048
100007816871450
100005029628427
100004393724716
100004391375299
100001623512640
100010090083756
100009811599375
100009613162695
100007947046516
100007361085943
100007172441711
100006112814649
100005527118718
100004992642539
100004894211197
100004766700233
100004285630172
100004033913477
100003725334529
100001723958958
773539677
100003799835197
100007522545000
100009294038273
100004961914162
100000053170543
1406602756
100000301482166
100003689304046
625846343
100006848926224
1124212148
100003616503695
100006351338779
100000093184593
100003119703505
100003339679207
100001763712494
100000066633529
100003949744841
100005944147215
552294374
100003468391800
1586700673
100003805683332
100003573647663
811437858
100023727186725
1359621978
1840000519
100009491964934
100003666036700
100013782640117
1211177151
100004106049983
796374027
100002512533230
100000334696940
100002765223191
100003763487680
792004640
560464683
1378320158
100008306940967
791264265
100006739517189
100001723292869
100000143891199
100002418195269
770154764
100010563398790
100006705551055
100008222918583
100018156451277
665109816
1819961027
704886519
100009315712100
100000066486359
100000445619247
817044018
100004662754081
100000099412919
1557602006
100000200025447
100002065538898
100000119984866
100003166661719
1848282902
633408758
528091506
100024425700718
100004042643729
533624105
100009289126005
100006037710762
100001899148987
577907760
100000375690526
100000065232862
100001197897509
649758794
100000533428956
667177130
100008715196759
100002891536583
100000086825845
100014782691262
726873036
100006034715172
100000353160736
100003888032951
100000382110609
100025381546249
100008352541583
100005769763438
100013577438456
100000364972460
100017926654034
100004663330264
100025410305533
100000847469031
100000013014771
566023051
1171494567
100003792248811
100006357880117
100004056846301
1482093573
100004513208848
100000081395362
1575655195
1074668761
100003785351007
100001783798840
100009877092693
1039620914
100004351475528
100000545857715
100000121745912
100023151048587
100023058499002
100000173762729
100025040913762
100010023221881
100000563497077
1349568850
1456752563
100002433612125
664819823
1200058504
100000042184542
100000364576670
798726039
100009487900440
100022136541417
1786306360
659626056
804439469
1827595805
100000797695577
100001179950613
100002676543208
1407123333
1034053668
1685877527
100024904325905
100003632148193
100000164755842
100005239621024
100002780484636
100001690901830
100004310403069
100009931926310
1800282983
100024227592045
100000116048663
100000682613593
100000230394166
100006780423800
100005890170047
100000655420223
100008193917214
100001426325758
100000991218894
100007384142974
100000917315148
1220350765
100000053823309
100003861856383
100001430633529
100002771035791
100005864198312
1360720968
1707770669
1336393416
1720328698
100000226871685
1670475047
1089237032
100003034983099
100001118553814
100008066627059
100004280251818
100007073805266
100000342512476
1290098679
100003136525646
100000792990656
100001330917277
513045834
625484509
1829160118
702251826
100003895232782
100004114771799
100000707791256
100000201249070
100007341397291
100000231405648
100006690431272
100005606345568
1796172021
100004504894300
100000161650250
100009927750818
100009033417610
100001104821528
100023600764468
100003197802779
1627148923
100003566709923
617929778
100000590377442
100004520310850
761032763
100005659894728
100000390828724
100008002878290
671592697
100004335191463
100000078992643
100003240284711
100000058812366
558946957
1135819019
1317477229
100002087080638
100001402698236
100004317784835
100008077861224
100011634693988
100002051201181
100000430448525
100002101959870
100002239054375
100000538977633
100000100393302
100002342172677
1398374654
100000880018626
100004336396130
531702763
689484479
100009100355048
100002860489018
100003093139396
100001250184306
1603407240
100002579780088
608547495
100008330880836
100006792608204
100009377412592
100002217286637
1473979914
100023288911063
750674593
1174667978
620739496
100000378172989
100004219590110
100000136983304
100006357962384
505707714
1087834563
1676564705
100004708237606
100000082723948
100009410565688
721198467
1241907972
100001697080891
532313602
100003184336995
809588565
1339414167
100005112185353
100000084310650
100000074164683
1607813141
100014757709427
100003308048401
1806142021
100006020771039
100024069259202
100003280659282
1670987817
100008016521082
100002631815061
100002714410671
100001217078559
819048683
1304477333
568149191
1384612898
1650835495
1088770775
100001213294454
565737667
1564713732
1057079821
100007554543242
100001477639371
100003208374405
100006464417924
797843257
100009684905689
1714740410
100000720121099
100000177973231
100000076789812
100003146541706
100004463501915
100005121729763
530303020
100010893005512
100004111843650
100000241794360
100001553094331
530635301
100000290133341
100011757055490
100005428745276
100011521543237
100001066082842
100006511476394
100000184811239
100005381104616
100003738466983
100000307598459
100007704885522
100003923464591
100001952645418
100011645836711
100006074827825
100005344350932
100003845451481
100008201591094
100006887834550
611589547
654103489
100006939617993
100021786486243
100013290672732
100001542533082
100000086116951
100003161017773
100001766372281
100011520572697
100000714734386
1777191571
100009627364336
100006569294020
1564588546
1233544899
100006419317127
100006255134312
100000051416232
100001463894564
100000310906476
100002860551760
100010674072369
100000502273430
100001505508733
1809638757
1803968973
100002731597202
100000118372462
100000203490276
100003223003304
519502050
100000373519596
732512821
100012227585848
100006168288214
100004780064273
1293614262
1002366217
100005346697604
100000181369252
100003477911448
100003093279509
100009587384312
100000105705017
100000297561357
1595546576
100004016164091
1180702866
1493334976
100005165916870
100002188854185
100005579883156
1786201334
100002869450961
1130537647
100002868737003
100003891995060
1108902705
100008706750680
100000027220115
100009437126320
1544743648
100003058668801
100000147189152
1404251469
1486681674
100001983670995
100023187978422
100012783912423
100003743037345
100008272503303
100000182801570
100001189982564
100003833400551
100002357464540
100005715438193
571457855
100000127590813
100000310457815
1231447698
100001194758427
100016089153917
100000277647876
100000231108942
100000858127251
100010593698034
100000555555438
100000046609086
1446934773
100000958786185
100002722592769
100005222864636
100000547256413
100000158591999
1525840929
100000166911017
1382586662
100003198363503
662683656
100007613400001
100002039799133
756168398
1213426696
100022553991457
100005052515323
100003128199059
100011047441495
100001915611516
100012925418330
1143335751
100004470008716
1847531145
1461523320
100010339711680
1288277141
100000505184483
701349204
772298584
100005296623158
100000172463726
1680324995
1798718506
100013266846298
100000299240357
1033995009
100010030351362
1828114330
100022604505051
761443647
1109898208
1803973852
100003229800177
564699930
100000571478338
100003493970485
100005837941515
100000197230513
1011945406
100000041374632
1119402734
100002753028526
100000085985933
100000953326807
100000100764742
100006501337137
100001281697337
100005651866774
1380954589
100006828152347
100001405549795
100001567622121
100001355234844
100011028814530
100000153608198
1166225525
100004071690231
1803366087
100000605280629
1493497397
691741307
100005549251294
100000743877745
100003255636768
100004060745121
100004986109214
100002165449522
100004961892713
100001660632461
100000240523630
100016068365089
681286466
100000727428417
749709309
100021912729947
100021765225947
1153096641
100004828751916
100003222627206
100000306262099
100000220002461
100009009038315
1243261496
100002791696145
100000100708396
768823557
100000199593336
100016949921798
100003930751335
100000222738822
100000102305834
100000279984132
100012230289161
100007668335189
100006756606587
689181797
100003242559907
1431822541
100013734334733
100018487756484
100003739318320
100000238888153
100000470065973
100001125527591
100016545886128
651394374
100000174308417
100000241453857
740817527
100001452784594
1505947480
100008153373246
100010673863853
100005793793319
100002695555973
100009916900873
100011454146081
100009835815311
100004289910991
575962190
100000430701710
100002928205129
772004863
100008765054235
100012785130719
100000213793438
100010426718619
100006657971994
1681280410
100006724003503
100000251763964
100004029283542
1087238855
100007178406295
100000080091040
100000253891485
573293156
1023624846
100000849643746
100004501514501
1183328063
100004618121107
1335014696
671816944
100018986417533
1498865340
705308264
100005740534238
100002871609100
100001254063132
100000077463755
501775547
1676010825
100002836393474
643167434
100000126136974
100000168438959
100006663123620
838917430
100001797578117
100001490494137
100005159850559
1846978189
538859396
752023908
642905826
597143413
1207076287
528570409
100002972497858
100001020771956
533933371
100004465506385
100001697911415
100007841773317
100009778805818
100001599653203
1755775673
100014115300566
100003303909827
100016995192068
100000099245400
100000632013161
1761502843
100001654637641
626699097
100000511837292
100013473993739
100000127456979
100017807438645
1260439279
100003233694762
100001018265866
1606350805
100001726582026
100004476122031
100000102682561
100017441373401
100002239959815
100002982194047
100002857977780
100003877866058
645208185
100000427959588
623308694
1576998648
100003315450277
100000393477083
100004931172304
100001751503088
100000108853759
1059054545
1780093565
100000119198826
747561472
1787591789
100008862636545
1792406280
654759395
343279235771846
100005387077748
745918589
100007802911952
100000851334513
100012559122108
730668561
1259266872
100003077863752
100008223937960
100003159794873
100002911612457
1521382951
100006834642022
100000070583100
635298240
100000378559389
1823296993
100000028047483
100002242974335
1498367854
10506161
1655053996
577058317
100001306017117
100000169651696
100000391778459
100003066090317
100004707309459
100000184482439
100015036211742
100000117312068
100003032205816
1230315378
100001867942379
100012318813698
100002210861057
659477216
100002652985011
100007850319069
100003098472527
100013898715983
100004102714178
100009406817970
1738380374
100001890834499
1172199469
100000705324294
100005430271011
100013567505565
100000504218378
100015416552112
100000079983801
1311367139
100015620471491
100015712860518
581876214
100002156938168
1217836716
100001378647410
100004481521443
814611939
100012983291395
553716838
100004008380464
505815914
100001652282984
100001855978788
100003121903719
100012879189099
100003050178057
100006170800961
1365145258
100000210976741
1447792561
745891078
1750029101
100000545562301
582014906
836460304
100005029801026
100000234033284
1115006440
100004961731735
100002625298115
100001804130374
100002748794426
100015328623956
100006257202829
100003823064163
1676607471
635728965
100000259595743
100001941090974
100000241546910
100001432081534
100008425876683
1172234785
100001759121047
100000251011615
100003908508386
100000116491948
651592450
100000217899415
100006891720967
100000132313754
100008317998725
100001189825643
100001362371397
556597353
100014562706954
100003236941011
100003119267505
100000138687369
1469750560
100000047748120
100013699930223
100008126356178
637244147
100000443044977
100013230365244
100000201671642
100001022524137
1233516166
1226990205
100005140788225
100000106757400
100003875916464
1008586708
100011396795501
100000026745607
722315901
100002216117918
100000377806586
100002602039546
788028068
100002446129230
100010142974817
563935808
614328573
100001531837537
1084471365
100004832616483
100000106093972
1539251050
1796829619
100013912512623
1045690189
100002671936462
100011621591113
100000245295324
100000457420303
100003082436205
100006053014214
557856917
100010197075472
100002455852451
100001170548806
100000194071631
100002947115549
100002450190456
100000201097639
816280788
709931325
100002046597682
100000041757059
100004046530606
100011397582338
100009986523388
564455024
100003688898037
100004281160511
624863983
100003621547497
100000151396746
100002475737057
100009867048330
1281099091
100010990444298
100003168111704
100001468711626
100002325003361
1675317912
100000227771445
567100975
100000086321536
552684089
100003805231885
100003573648640
1801065008
100012200132890
100010782091094
100001959187958
100003914441701
1830837385
100000357925627
1703430087
100000827060286
1845472664
1189675790
100006057134169
100005161655083
100003941866770
100006777528082
100000055631259
100000927466227
1370996240
1312167255
100001099888705
100011376416670
100001633608501
100001876489455
100012537008159
100005131633039
715280344
782999802
100013108182273
100000124682965
618016761
100001048260868
100012096402498
100007807509937
100001601557404
100001679263918
100013138298449
1674048527
100001269925136
100011330226039
100001567410058
100007666621684
100013029638315
100000073195800
100006699854887
100001384814402
601596416
100005958075614
100001625200462
100004708410291
1394239255
1370000358
100008209350333
100003231345037
100003203912381
100008403876552
100012916236867
841630100
100001342703482
1805411907
100000190037020
100002568928219
100005318680066
100009870336686
100003391362885
100000645591414
100006054258566
100000051538533
100006966495103
100010715704902
100003890114752
100005622181994
100000760584705
100003886621976
100003815456505
100002431754872
100003149415442
100003935737609
100001500280626
100011358918430
100011768949212
100000057783819
100004737161820
100001222591886
100006448129322
100001208811474
100000068861473
100006530080859
100000383550771
100011474713425
100000453853680
100003654535023
100000647721875
100006292659522
100000001096997
100000069416350
100003098311690
100004539492985
100003667876359
100009201588252
100002428009659
100004103892728
100005777498479
100004605789421
100008612168392
1595224007
1801066746
1835236306
100003220710190
1841898525
541074373
100001763325959
100004658045937
100002896568606
1602236696
581694913
100004085643105
100000172908714
713749004
100010124327824
100003301412136
602656079
100000367348807
100000056237137
100004716099737
100007171064838
100008208390108
100004511138108
100001046872386
100004499377570
100000291608778
736543149
100000489024081
100002981268107
100000280033897
1219626379
100001650010228
100006280486496
100011409334885
1306162741
100004893766547
100006348308036
100009663877846
671662256
100004489890375
100001463784193
100000535245361
780328815
100011685114604
100003535553364
100009854529999
1247957089
100001421830622
1815819843
1076782221
100011850604321
100008187361125
100011787347804
100005145902408
100000439956255
100003293717740
100000055083567
100001137078422
100000450559214
100002076221779
100009609691656
100004880400895
100000058368924
1222641830
100011023807353
1484275946
1650613068
100000433167462
100003140676762
100011671717135
100006428831027
100001551072127
100004080811140
100010269194739
100010825900631
100011609914656
100002529082828
619072665
100003214843765
100009923328325
100000147585363
1786211966
100003095190512
100000183296923
100010245785440
100003843681233
100000281807176
100001511740919
100011324122950
100011379526946
1309047296
100003110033023
100000381316331
100000086551775
1789217637
1006908645
100000064084484
100000169235987
654642295
100000334197138
100003935636303
1409092821
100000584518803
100000483611593
100002834412834
636074182
100002663239170
100000032166799
100000233043537
100010295891743
100011357228194
100007788847591
100000627732820
100006799950232
100007765695323
100002417752227
1777432320
677814775
1089350512
100000218180687
100003382890020
100001046623866
100002726854001
100000077073593
598433036
100011261795391
1668979059
100001766925596
100000206296399
796452883
100010241957195
100007003992248
100011142187081
100005750833346
100000066345385
100011060018139
100001654299398
100001198963932
100003107715838
100000884857948
819689113
100003716263468
625453485
100001764133533
100000458876047
100000598093171
100001968568446
100001174981718
100001258560230
100000110662449
100003080190495
100005387682615
100004718941580
100003121358254
100009040493057
100006651543752
100004208597116
1694242242
1561422199
100005211918921
1323945231
1229000561
798092317
100002428950619
100011081580397
100001952141618
100004311339419
100010859648749
100004047061363
100004093952299
100005975983360
595019906
100006888487736
1508440246
1446545070
100010918862385
100006495322199
100000120602753
100010897830007
100010896570291
667457790
100010792961699
100004073071537
100001684358814
1012480967
100004577974564
100001094802835
100000211121130
514673655
100003918994183
1739323487
100008910692676
100010696876832
100000194593620
100005312319887
100002877115425
714612795
100010481410018
100010466742335
792339802
100003565904570
100003121546326
100004645635711
100000201859486
1733012048
1801197292
1357332385
100000092635070
100000342033708
100006529481664
100001988414163
100000466085391
100000157141009
100005967495032
100000124991647
100001437011230
100000250353281
100009686311851
100001508114500
1781536077
100001641452533
100009896942126
100009397008633
842225278
100003651920883
556012799
100000142205041
1563595527
620483376
100001866138743
100003003547802
100004566303440
100007103835120
100000252462122
100001780185385
100009794506697
751068020
100003808014344
100004790654277
100010520858381
100007883524454
646762375
100002903608831
100001203031021
100000293266160
100001941624714
100000384313253
100000026423813
100000355061602
100000056892817
100004472679333
100006101561151
100003299280584
100000629829016
100007118820838
100000995764443
1183822599
100000197314620
1788974767
100001076550018
100000780028312
100000580214230
100000227905270
100001482585883
100000463752429
100004595706005
100000240248025
100005408104110
100001602662575
1130510444
1323755122
100009499336622
1683163802
100002058514125
100010336719875
1273129243
100004318140859
100001245042796
100000154151716
100002569500179
100000001053983
100008411191621
100000388868209
694769628
100005267289276
100003201129140
100000275439688
100004075275590
1669702148
100006309498253
100000396229120
100008971908643
1642243031
100000229346069
100005640096564
1376113510
100001783974062
1788795164
100000146408018
100007004623027
100007252749617
1519219230
100007317641655
100000282844836
1442861477
547373855
100004052775963
100006032160738
100003175946883
100009475700671
100000416816141
100000176468369
692189339
100002696506201
1249035361
100007142742452
1692805382
100004016305655
703012870
762864711
1096749287
100003951189336
100001108449635
731841690
100003181524958
100000273477925
100003870974714
100000058309293
100006818584109
100003762580045
100007183038125
100000337593334
100000282195627
709383432
100001839019989
100000146667081
1258348536
100001605314323
100007185824423
100009930091220
100006915758223
100010264441061
100004512963238
100006535006842
100001027573144
547784360
100000146918767
642446862
705006391
100000915146874
100001149939256
100000044672622
590557570
100001684335059
1676838974
100000051654212
100000352997640
1817224493
573004893
1250272903
100003692231655
100000014440334
100005153382266
100000664990720
100001606829173
100003786329086
100003270778951
531413985
100001854190568
100000133456200
100000303371004
100001696745428
1675025003
100003247039720
100000104747995
100000937713389
1277835253
657405903
100001687416316
100000262607468
100000920727848
100000407000415
100000527960677
100000042820727
100003247346453
1081042894
100003936735727
100000986771202
100000114404469
1412870508
100001853690270
100003132056413
100003246444633
100002775545623
1610645097
100009202693168
100001836895286
100000137192089
100001913836920
100007765770570
1694629167
100003871344176
100004576203234
1125978342
1732434720
1030011994
1795288741
749000992
100003023902575
655284511
1347954032
100009232497915
100002602161477
100000156697148
1822602037
1749780286
1425699558
1274193639
674506716
1053831593
100009612275707
100007425433507
100000715826531
747070974
100001406832743
1822935246
100004444540843
1043444137
100003749148964
100001129258210
100000004616376
100002930908072
100005208605331
100003883282412
816004755
100001852672419
100005331312549
100001251289852
1783872128
100004184737934
100001503053001
100000290253438
1845083547
754208127
100004364941213
602189225
677894418
100003015289859
100004423273781
738713594
100000087374633
100002731379205
100002831917572
100000144122124
1539433693
1421592357
100003529737007
100001262886043
100009359788917
100001168286267
100002544334567
1724769497
100001896327592
1831721828
100002418808819
1813966949
1096137386
100004370612130
100000069969608
100000103045784
100001401531687
100003671771174
100001744573779
100003687116618
100001742380769
100000134937265
100006989889332
100006912883318
648495141
100002834302739
1836481252
1530716669
100009946112624
100002636176960
100005823691923
100001729683720
100000068301529
100003396070826
100000246611045
100001565353021
100001556602084
100000198200422
100000679920245
100001825145005
1833227014
100000293272003
100008762118248
100004726893567
100003748622117
1505227478
100001211166853
100007983217525
1630924153
100007695795909
1466754287
100000302440039
100000435642108
100003807933348
722808498
552134824
100000998360354
100005711222882
100000027883941
100000184643117
100000137298342
100001661947632
1774070050
778223286
100001845145934
1540084388
100003960435285
644017123
100009392752432
100003747713375
100000176108406
100001159478722
100000418549303
100000746592388
100007108380108
100009237321741
100000190999508
1029577280
100000394250283
100009587523587
100007803067863
100004078590311
100001571896733
100007976380083
100000012318435
100001106661042
100008185261826
100004716363513
1831632818
1676720136
100000199450920
100001896794004
100001150323526
100000033847548
100000982598057
100000094591233
1765801360
100000009314163
100003504142835
100008650728667
100000177198598
100005887992035
100003123311452
100005001643167
100001898153965
1839932108
100005370134568
100005214425390
100002799385190
100003578471878
100005468050229
1835610588
1268407934
100004151342493
100003945903496
100001546006378
675354505
1787488881
1506767661
100002073851447
100000025870486
100004836222897
100003348194647
100000453283611
100000017568952
100000443387214
555849035
100005097104120
100009407330488
100005488864301
1013168969
100000473645661
100000722148682
100000062742543
100001286772212
721693502
100003662463203
100009678665434
100004812872590
100005396550636
768713765
1297016886
1851884019
100002924090312
100008386323338
100000828481640
605989497
100005442637099
100008669532373
641757390
100008366357045
620909437
100001186814280
792604029
800357471
100001529411837
100000101265838
100001444429349
100001695484786
520354567
100000178074431
100000036087343
100000097065100
1266232612
100000083592752
100000149642668
100000936212478
100000465763032
100001551990589
1797622075
100008916064676
1289758666
100000076937391
580029500
100001332774404
100003190630280
639302617
100000202878496
1300694686
100007946144301
1193674135
100000031232035
1139490764
100003939247444
1376787678
551107756
100000743007358
100005382822691
100002179837285
707376805
1807569234
100001677557492
100002463141459
100002900360294
1676058553
100006897787425
100009273952091
100008330620217
100000193954917
100000881491027
100007812709016
100002749131470
100003797026915
1405921876
100001062461805
1500489007
100002014317953
100000361830744
100007676893959
100004709173390
100000388635633
724715126
600481837
100002900958913
100003235828285
100008341185162
100009303612522
100000429025866
791640208
1584923097
100000220394188
1428880622
100001744137109
1086500734
100000636666475
623440291
585762240
100005514061424
1827871592
1051310473
100002132845524
100001656068384
1242730573
100009514203896
100003305768759
100000391320945
100005464788353
100000131951509
100002628973455
100000934914429
1231433374
100000082689403
100001786825730
100000222324146
1523749143
809248549
100000068878347
529237763
572414540
100001164859511
737539771
1827166942
100000155529053
1604920599
100005863505509
100007378719601
100000115989808
100000420916045
100004064994686
100001262675117
1651071685
100005887353450
1014759901
100006548948570
100000004252417
100000454933658
100004039851648
100004036129813
100002521784336
100008043523949
100000195054142
553247580
1829774295
1755420489
100000108590788
100002744134426
1807690613
1841042294
100000198069118
100007076923954
100003240109674
100005346937767
100007077695537
100000421631407
100001919281968
100006950885870
783554660
100001696451157
1253053149
100001855419984
100005474280704
100000164650674
100000109535793
100001730651482
100001784983218
1488121794
533215369
100005785057215
100006939828666
100005175437371
700843626
100006153168571
100001919413227
1782212927
100007900058508
100004680274016
100001271634459
100000020170502
100001887972093
1203841161
1143151741
1203604254
100001590601432
100000042079629
100001352637099
100000080697884
717723189
100000023296201
100000152098212
100003290736538
100001435466007
714820179
100002992408105
100001232779442
100004054687826
100003439764975
100007753267722
100004738364027
100006615061760
1792512499
100000128418079
100000201574562
612714632
100000111352734
100006545222432
100000232531793
1332713822
100001070245023
1360482747
100002466697051
527416616
100004510233462
100001377864305
1647715554
100002866197405
100001108114660
1493717580
100005886884375
100003765535849
100000102092070
506263929
100006759516687
100000107473865
100005766784917
100003165757686
575506842
100000369512060
659981284
1843746988
100003966304590
100002126544562
731582810
100000042103253
100001584335189
100000477125448
528902146
100009077609529
100002895795289
1387778367
100003863795667
100000444079890
100000386228359
100000917666420
100003527744814
564489674
100007879445787
728248947
1849002828
100000119421124
702452697
100000061250174
769509861
100006192784277
100000050134016
100000203414697
100001876363161
1297800807
100000445768048
100009010254926
100005329202547
100000841390446
616374396
100000277586018
100004063686480
100001712896676
100000157702394
100007142701935
602325167
100003174439281
1800904230
100000430678964
100002775216551
100000329523551
1716294885
100000273854346
100003756267206
100001590995433
100000992372109
1824354968
100002056775657
717316459
100005689663233
784627364
100006191895638
1785370994
590203386
100001580723464
100008379540819
100000075575425
100003731380350
100006596101777
1248988822
785796519
100003326176764
100004735147321
100000289331376
100001503631673
1793450564
100001779695369
100001278878873
100003578467533
100006246270205
100000450925739
100009004897482
100000168391063
1753857946
567196441
100008732949199
100000061599184
1273959199
692072210
1527605088
100000502538618
100001910204493
100000049058877
100000691093288
100004873092914
1544805433
594683478
100000845290622
722189525
100000475608511
100001161638790
1474275215
100000638438996
1498669701
100008639347838
100004350334516
100000475472168
100001741501145
100007877405677
534438650
100002105666292
100000996379676
100008292758814
100000321789641
100000975935551
100004021815249
100000762822995
100000695611152
100003020902542
100004125720220
100000058667726
100001293968883
1672610436
100003295855705
100000202495413
1091142804
100004758012643
1823453836
836914499
100003590048319
100002909719391
1468427968
1038319601
100006321785179
559549786
1718994514
1661930338
100000074208289
100000142879461
100004319319371
100001026344282
642558878
1799802270
698013555
744077992
100003266485469
100006737703452
100001712940468
1180662901
100000461482557
100001767725419
1368794284
677857345
100000147564534
100003821023598
1461846276
100001543321358
100003203551449
1228705912
1062177826
1209194887
1271728400
100008743354180
100001851862452
1754938402
651993549
100000236406719
1444712622
100000166222662
100002801949941
100001747222660
100003036107365
1037283357
618610384
1051145822
100000042138857
100000097671942
1001298617
100000172711168
100004143073607
574024324
100003182924518
100007837621583
596556700
100007155308183
1375828021
100001445611155
100006427355064
100007091288252
100004039291669
100000059780011
100000081663589
100005082067744
100001239572376
100005485117491
100001801265444
100000366820166
100004012510298
100000814179927
1785741833
100000189248179
100000181210510
100002293805247
100001017035387
1696978295
100001986972949
1132248017
100000202310108
659854506
100003096751742
100000098706169
1123044680
100000061441410
100005417736382
100000413310652
100000437001166
100000128150673
100004127711081
1814619768
100000109562983
100006618757135
100000263706859
100000248979468
100008049523172
100006252248606
100000041728682
707743218
100000220364903
100006029533839
100004987030503
769546623
100000261020163
100000123288309
1336236197
100000610677655
100001729762207
100004532115679
100005456852985
1044805750
100000242657728
1849765759
100000538542268
1279700482
794573274
1762549509
100003152269043
100002260947586
100001130109678
100000181610564
100000880159705
1127256402
100008506410332
100004194618909
526162333
100002821624186
1657778645
1331709857
100004833272861
100002800994406
100003517438685
700618936
100000247063838
100008276709360
610158716
100007725045120
100000197538903
1117416901
100000611526922
1265392055
675469360
100004765953478
100001837609320
100003154067279
829879650
100000499175497
100003822580771
100005760066809
1058532185
100000003525871
100000732260850
100000050322529
100002159372799
100002168311294
100000250689726
100000351772608
100005209152793
100005321958845
100006376483708
1130564437
1851579847
1668110670
100005687806272
722881453
100001240918786
751669565
100004750327677
100000139714952
100000056562669
100002407434917
100004461725670
1410656292
100000119217940
100000220081734
745393986
100004212041630
100002878582311
100001753310373
1608683520
100000384421455
100000094924527
1465800847
100000117391991
100001875862915
100007553176397
706012237
1114899884
100001337146037
774542499
100000467637135
100004544115081
1065186206
100004928073184
100000224806697
1832466976
100007458970816
100005523889114
100002423467389
100001952748237
1078340779
607128068
1554412826
661369629
1177009171
100000507330629
100000748918032
100001730990002
1382395182
1123731950
100004145478360
700102981
100004597086335
780949554
568869618
100001585639383
562086575
100003065355255
100000188600408
1513650922
100000209348160
100000141590671
100000078930775
100000027823937
100003478781745
100006271066047
1289607088
595896502
1832050791
100003118423426
100000035304124
100003008908156
1192046833
1221580729
1650566129
1673660335
678264171
100000268550104
100003999231590
100004818698223
100000370012247
100000777819224
100000229541549
100001318936915
1798443129
100001853744946
100000229894730
1248969280
100000096175322
100000297691839
100000720662477
100000637502679
1518901828
650029322
625363585
100000375272077
100004316461036
100002972767094
695984374
1794985077
1484650598
783475899
1726348471
701906389
1295914938
100000931116345
100005403750044
100007905434885
747384257
507993876
542674454
1301598259
100001203955648
100003077837705
100003237044156
100007215872355
100000025654495
100007218348014
1381793711
100000289054058
100000455846770
1743927026
100000163489263
100000134320418
100001151148844
100003085487278
1432001136
100000502956832
100005466708051
100001994851541
1793905761
1667156580
100001611701712
100000434550027
100006544776272
100000167785936
100007954022961
1828401316
100003947642196
1481439864
100007771531518
100000322068771
531278297
100000999584603
1802871511
100000209344611
1202902726
100006491778113
562588786
100001721835498
820029270
1041262628
100000287776396
100000364860529
1418220501
1825459587
1041024817
100006631844174
1556996343
1627673844
1801693967
1072513998
100001347133149
100001581368427
100000867476008
100006948284236
100000112310223
1781711512
1506726117
1810573382
627204696
100000360914776
1146855282
1313984301
769642725
100000130367899
100000300169073
100000329431845
100000334131514
100000233886768
100001317084224
100000438678184
100001776965603
100000626621817
100001744759104
1698898552
1629805465
712170681
100000335124570
1538191069
100000237374129
100003704303493
844789799
100007284732037
1710041568
100000966498635
100000871370188
100001126488916
100000154601137
100000055096624
100002440718326
100004088029500
1588134528
100004755961856
1261570302
100006484002482
1797891288
1184622708
100000930283014
100000321900644
100000092391348
100000415182415
100000126162543
100000134112412
1095194957
1848910394
100002073670295
100001633826421
1710567943
100002930022658
100001803918281
100000005328289
705626344
560360046
100001804219727
613989822
100000315416859
767503590
100004570384191
1796710420
835278613
100000272864470
100006015511347
100000498771356
100002922105991
637131825
100000094160208
100003666160800
1782878451
100000001996478
100004183726912
1315334796
100003273294470
100001137519784
1370417533
100000093244693
100002179369342
590785747
1309635510
100001560490388
100000710888816
100001509941565
1649641338
100001684375931
1559591270
896495480
100006138108684
100000714982229
651825853
100005096803186
100008111642471
1033012652
100002837486539
100004977762555
100003871508779
100003084707331
100004749514791
668182699
1814480068
763848909
1072953486
762568292
1277509268
100000375639802
100003762152446
513282820
100000021374962
100007116990842
100000172774620
100003944911292
100000389172711
100003199243312
1832514686
100004442405241
100001894808330
100000109115892
1202348476
100000041741852
100000202084012
100001473481302
100000780272417
100000060752083
100005287090120
1207777309
100002117252136
1837212910
100002981943796
100000503615514
100000055751873
100001395743687
1814741040
100004197330130
100000556025493
1291857558
701427837
100001686670910
100008106697869
100003514907860
591004757
100005162056004
100000115445109
100006318240481
100003273028729
100007146254861
100001158041567
1709169901
1671712926
846054696
100000045442919
100001551395844
1223602691
1259270486
100003538962043
1596604110
100007599247020
100000233655710
100000267860894
100002169227977
1848002873
100000103826280
100000367545975
100003033693502
100005774089067
660112828
100000210957057
538024183
100007854962605
100000073352108
530903361
100001128736473
1585652435
100007798863936
1685982525
100001578041470
100000571014341
562430398
100001053358877
1433660672
100005572532908
729132054
100004370088269
100005353483190
773710013
1078897505
636890798
1276432639
100001797827283
100008232997905
100006853747774
100000136560845
100003761412917
1683498507
1122772724
100000754243071
100001801242095
100000054430776
100002712104013
676423525
100000497174738
100000041010889
100003235969959
100007037682596
1163326531
100000426291412
100004908039296
100003992070916
1064230073
100006674105813
710391378
643662454
100005626291314
783333103
1111146725
704270767
100004067803141
100000108309044
100000057995365
100002579297257
100001753389349
100006392267314
1524039655
509776012
100008200366362
680029589
100001086191529
100002444456326
100000041688977
1744414216
1354237125
1816912955
1325963179
708407341
1403370385
507693497
728248636
100000256680181
100000379144972
100000478099657
1163943924
100001580232743
100000101512287
1199566163
100004309988138
100000247475425
100001503964577
100000250522101
100004761045801
1260628214
644613217
100006010634932
100006523596710
100003717455070
100003707458406
1810639080
100001840623008
1283877268
100000022680449
1096099033
100008369472297
1271177238
1430295566
1148516019
100000194228047
100003708086028
505860922
679164826
100000174036912
100003314813900
100003576598125
541816728
100000074881993
100000050906648
100002424573558
652046245
1096106330
100000149062561
100003011572189
100001818573981
1502015667
100008340250341
100000255842939
100001513224399
100000084274030
100005622551825
100000552154405
1628749429
100000171429907
1651531299
100004408201015
100005318497538
1599612105
100008275577781
716273273
100000984767795
100005234742029
100000300966362
100002490705476
100000059926662
611081168
100003787271236
1795607603
100000240225766
100000296408503
100004889594730
100003484976666
100000764443251
100000441118399
1014701417
100001489741710
100001280383993
100000321722585
1444755749
100008333471555
100001184505285
1301032193
626626937
100000094400751
1685958707
698263183
100002836491298
100003844754284
100001738887271
100000042851615
824093418
563640440
100003754660288
100000135355451
100008308021815
100000134220475
100003230514059
100001718002796
896545528
100005314450459
100003134277697
100000222748321
1750039078
100003704580292
1720935786
100000073244034
1090210502
730552642
100003016046134
1366470514
722849382
100005650681046
672017244
100000137003766
612674361
100004543777913
1190169943
100008227538529
100000289464303
100006956643824
1203356466
100004630320486
100000396924807
100002440945411
100003344783831
100001519452891
751241596
100004082914595
100004344693824
100000294008074
227700407
1634862218
100003134344341
100004625700958
100000114114066
783181037
100000134504466
100000110502628
100008120502612
100008157309699
100004931104765
100000363530336
1830798109
1308996993
100004225061263
100006011107414
100003743087208
100003225138823
652287206
100000356815639
588834440
1804256180
100005816892917
100006275163830
100007112770994
1051119691
1134207147
100001447992967
100007079853126
100001755735563
786129354
100001653848992
100000771056021
100000203218279
100006478315264
1242728429
1301415759
100008108409586
1672098565
697491175
100001854971554
100007058708325
100005810892877
100000166129629
100003102188693
100004694911476
1342642084
100002551245279
100001857882828
100006153695901
1009204073
100003648669626
100005309016676
100006080982742
1305656693
1253229306
100004973920734
100000668245317
100000863891795
100002955530023
533826444
100000043024473
792722727
1021171847
100001784854933
100001501747384
100000765193043
665979175
1195874017
100000206536360
100007945812461
100004752933786
1808946861
100000028254980
100000303295649
629865015
728571492
100000944326622
100002087623461
557187931
100000610986549
100001716303908
1274675315
100002292961993
100000153353106
100000113236867
622910269
100001425307743
100001186355967
580120207
100002575099404
100000152834222
1321535183
100000638584513
1574527363
100002197807496
556835158
100002982474629
100003629814952
719473324
100000092445270
1036260407
703488811
592854395
100003314402097
100001505307115
100006252512014
100004784942166
100000333728879
100002859978381
100007895280786
100003521574082
632827362
100000754692662
1224290424
100001397790750
100001293456676
1097067013
100006328002660
100005619515032
720783793
100000340844453
100000185510429
100003528854766
1707436038
100000029142306
100005145992374
100001641063365
727897140
100000186289531
100007416423432
100003019214098
100003093813581
100000590646723
100001767076661
100006814329314
100000111356467
609352497
1214058982
591698562
798114370
100003181526712
100005489044230
100000211213102
100001300335044
100004406430894
100002541455258
100001640962713
100007843208354
100001728669721
1413411137
100001553248555
100004416309274
100001021575006
100007436530846
100006460916532
1305861700
100000406150115
100004275991660
100002993363229
552684335
1259413096
100000212512618
100001581363881
100003139600922
100006541201921
100002443275925
100001847342213
818318031
100006096999249
100003755221882
100006820804688
7952383
100007353090268
100005292877504
654254087
100004728600698
100006354305681
100000022796538
100007970580654
100007127315505
100000314822159
762278150
100001566543229
100007968541962
100001636134285
100001766693258
100001868529224
100000725585078
1248545015
1054336038
100003981889717
100001872505359
100004416014573
1739245812
100000117672482
100000685032462
1229664929
100001806855035
100000014001766
1207778549
1768429789
1593384152
100004275729788
100007174264921
100005505582294
100000068623399
100005168701324
100000238872170
1599434140
100005801524476
100003747633575
623787788
1610148593
100006001873667
100003185449339
100003134681507
100000561541893
100004746434043
100000579385049
100003049895037
1445049869
100001696042617
1137875866
100000235745290
100001343225182
1359837698
100006063433812
100001724198941
100000057405892
706508559
100000583043758
100000333470928
100003178687216
100000308117120
100004101881810
100002551790503
100001816297914
100002707493939
100001853722652
100003591748084
100007501087659
100006053827872
100000129006019
100003255066583
1556784799
100000252704816
100000162125031
100006454258620
1520076146
100000063511736
100001852706708
100005918316999
100004503513279
100002916617832
100000214843497
565364518
100000349486383
1675102337
603227128
586844800
547478735
100001741965642
100004269247743
100000288674443
100007729836442
100001973178775
100000307381804
100000147996186
100007125933491
696382158
100007798774900
100000669023289
100002069960310
100004245330529
100003183904744
100001055132187
100000291106918
1823722424
100001789633964
100001767729457
100006487520986
100000189397649
701169076
1306188259
100000019811063
792167388
100000614991858
100000460285685
100002079589613
1526406155
1789069155
100003727192866
100000069457428
100001146452981
100000180152940
100001456240904
1748424952
100001640692629
100000303235808
100000220984780
100001829787372
792554443
1108217863
100001298318084
100002633939132
1098044084
602416525
100000032175033
100000514745733
785679643
1483375535
100000565486802
100000325043662
1222685162
100005389899224
1775539677
100007195291315
1646959349
562524305
100002913953487
100005831136080
1200468402
679509763
1676924617
100002845697198
100000983870634
100000945993349
100001791082702
100000023763911
1321890288
591371986
100003181279679
1427966833
1052770743
100007812570836
100003747009906
100001757918926
100001425795906
100000024439105
1218580460
100005692114297
100002841344824
100001139881171
100000236067692
100000135177379
622449342
100003217741546
100001007302820
500931329
100000867487423
100000232260531
100002337676956
100000454601628
100000536057484
100005617925547
684014311
100007215244507
100003593230123
100007622825774
100001909122384
100000480236157
1694593593
100004052933042
100001767681226
100003494639011
1696070829
556338263
100000428077630
100001689214410
100002878612860
100003863055959
100000128734754
100000624847656
100003984715566
821328414
100001525342786
1636535344
100005269293148
736628662
100004845751449
791148863
100005571311170
1639901004
1789347139
100000185994601
100001734506708
100001693838120
100004334137898
100003944977100
100002778190450
100001759158519
100000968814586
1467319718
778804056
100000105081271
1848258220
1634580166
100001828667780
100000248931499
100000058165022
100005818472143
812217102
100006840973747
100002270636149
100004646560447
100000294759067
1441999032
100003846160245
100001718625065
100000097081874
1003777300
100002323350893
838417085
100004594119744
100001671984485
100001501362246
100001433085506
100000212236585
100000190944610
1089164100
100002344972460
100000074199090
1663562882
100000417506375
100003735105081
100000701536426
100000073292913
1638184041
1578504394
100005928667956
100000197565003
100002415597540
100000240331341
100000235685349
680188008
100000125460840
100000007327568
1239262650
523643218
100007148734351
544686844
556343792
100003082879885
100002494789322
1029161711
756474530
887820033
100000233253386
1596384224
1826769436
752223860
1132476615
100007156112745
1783835570
1681376003
740825590
100001979771361
100006296381037
1670095981
100000137623099
100001501764947
100002508828042
100000105203942
100003751551415
1143008061
1362104823
100000289061001
1379539202
820144733
100005741915648
100002639812458
100000171862477
100000253301190
1326598151
707702969
100001919576519
100000387844921
100003137205150
100000079925336
619751562
100000014416355
100000395076433
100000279433862
614092336
1198007983
100002666395672
1830512683
1266635190
100000381874716
881155857
1793361159
100002332087030
1161353974
600758347
100000213744841
100000087491421
100003667006619
100001445511648
100006257534510
100000195065166
1686410972
100000433377890
100000217326252
100003000593079
100005755000424
100006933582847
825968957
100007077035683
100000447681682
1471377861
100005210802587
100002261342208
1454255425
730309561
100007592652348
100007548510608
100000218970906
1610763024
100003645114678
100002941129324
100000416135056
100003147832593
100005717673169
100003667858030
100000915429795
100000360700623
100000169620721
547537801
547265738
1276990751
1486735708
1616422299
100001284073111
100006217205546
1764171441
788915526
100002294058219
100000291892796
100000269058499
601834593
100001918481984
1256684603
100003207450504
100002998293520
1838974894
100000506591703
100003258524419
100000096002541
1832558194
1836431780
1702581555
100000297486792
100003468072046
100001855790280
100001156096140
1120039905
690791709
100000137550896
1153124059
1134191082
765109222
100005666586512
100004029861634
100002666680137
100000027964953
1766568301
555900358
100000330954673
100006904001474
100001619523229
100001818417865
100005457962550
100002890917414
100000004095167
100003126093090
100000104922517
100001710931597
1268745646
697951311
100005358421281
100000642250280
1835306568
100004107066307
100006777966368
100000524533206
100003547562279
100001808102275
100000106418490
100000214666374
100000168006957
776613629
100002146430065
555235971
100006601780103
100002496707864
100002222630302
100000465857228
1460255737
1063940622
100004601614019
1192838959
1547817809
100003833686405
100006693763593
100004562021351
653213910
100000079393451
1364503763
100000384499920
100000785544704
100004310773062
534391928
100004126896167
100003632902718
1324057222
1474762326
100000719167475
1449983407
100000004838436
100007122635736
100002915705107
726832603
100004464698038
1572289069
1777550785
1193334757
100004703499220
100001228795001
1234313273
100007355706097
100005697513291
100005202248523
100002662397929
1392017156
100000658551624
698229251
100000920890925
825416590
1680021004
659874618
100001226566273
1405548063
100005692541231
100002808599221
1074830654
1263594935
1810794786
100001976533916
1188519403
100002968247097
1851260926
100001884331353
728240845
1480795714
1252036071
100006835684267
643251280
100000341460621
1021381138
100000269417225
1203857601
100006670483838
100001608409895
706334631
100000065308531
100000213476977
100002938483020
100000149052528
100000116763485
1436524720
100004505165442
595336914
100000050760709
100000207224360
1266104100
630814764
595442803
558337299
1684539846
100003679916126
100000029011905
100005992718340
1699943622
1396399254
100001779602560
100000842701415
100005906375693
1301521847
100000065943659
100000047423971
1049065110
1178628427
100000089746258
773458591
100003922543781
1005635517
1156691805
881765474
100003732140022
708859221
1064971032
1772269695
100003198890549
100004040868994
100004840150890
100004662162453
828557833
1794095833
763818698
100004769226092
100001874601448
100001685717076
650528887
100007294812918
603723871
763257891
663694685
100000078206459
100000150199737
1484423361
100000076940793
695345274
100004136708910
1279975640
100004471423199
100003938831455
1261614053
100000247711600
100004759120276
100001716293471
100004008981936
100000153653146
1784743829
100000074569020
100007294921381
100001686884285
100000084072097
100000161107433
100000100664762
100000033114061
100000833818520
100004074737419
100004072031280
100001853705226
100000041332982
100000079531681
100000438242923
1810555399
1264668567
1183596438
555142344
100002508931862
1396254666
1339872570
803973585
100006020523739
1655370473
1365262894
100000081687064
634197405
100000208567540
100002504921256
100001120787133
1627631593
1286327439
100001319927567
1122090601
533112565
100003511704398
100000232325278
557632835
1044983075
100000839925116
100000443317297
100000188605284
1329325240
576859801
550689345
100005730941211
100000736682635
1840450056
100002120689491
1374507230
100000088595502
1128467290
100002936046226
594543836
100000601483063
100000350058291
100007132921889
519242275
1175450933
1364860666
100006298981436
1543176027
100000111982638
100002503611152
100000883147229
100000468092190
100000044033340
1841162043
688375389
1694631118
1057290775
712795322
707728216
100001709956184
578430827
828870318
659681786
1450406200
1386155683
1216137257
715968029
604315077
507279250
100000286666985
100000150850374
771589829
739713233
631925794
500379579
1837146205
853844239
821194780
750036997
695471585
660421745
645261309
507558739
100001238364234
651242368
638936230
627104718
710776604
707741898
644778918
576050698
568894081
567654355
100000150865164
1702272184
1590548008
777668045
727250832
659949151
506659042
100000150974592
701216097
227800239
100000872806547
732324917
580587403
100003028560062
100000129593825
521366377
227800307
100000386335802
1822838800
708171431
558367929
100001902131382
825333483
791682572
704413465
586414460
527809169
700381756
100000247744921
669213216
100000136495631
100000230580200
1421045847
726620855
1633875597
100005930794252
100003215990355
1780217225
100000278618616
100002474227427
100001303611180
100000011336091
100004083526577
100001669146147
100000282866087
100000133024131
100003190189708
100005829002164
100000284244504
100001142506634
531753771
100000375173735
100001656895190
702372205
1059668584
1279340993
712350152
100004590942592
100000370745776
100002587097975
100001832114706
100002429819053
100000215683715
100004484320630
1580409360
100000104665703
601709042
100000496568202
793838703
701869620
1725417905
100006504125787
100001327941897
648087822
763213881
100003208896783
100001086177820
643648674
100001410793462
533354535
1123952856
1838065212
100000095503439
100005309172053
100001773045150
536764465
776607268
1596756906
100001977129581
100001850802662
100001294265482
100001484231117
100001807242869
100000301792514
1719019765
1218256113
100002953290263
100000180340987
100000075370750
1454767104
536733262
1218769366
680914649
100006459279551
1594672611
1192001446
100001577326810
550889381
100001344223549
100003151098836
100001480527804
1273674834
100000070442061
793154310
1287925942
1535260811
100001616730464
1391731565
100000291245548
100000164152652
100000097465178
1838390428
1528475458
571541071
100000532395891
1424093408
100001875731637
709741111
705833283
1062432820
723657917
1181902487
1662907613
786543231
1518504375
639138298
100000030584145
100005040520803
778191529
704897849
604169009
100005939353882
100004689220040
100000405042265
1784513392
100003741112464
1060222696
100002697348926
100001012145354
734654682
100004048011906
100000156290899
1440325390
100001201823053
784143825
100000288224094
593994698
1279539044
100003709827401
1280149715
100001508983306
100001081013555
1572882078
845809333
1291475932
100000406298097
100000143270331
1049892904
100003250145958
100000229154687
573043248
1112321088
678464550
548149267
1804779804
703627257
620255822
1720075531
1048751358
1810123474
722369802
817966879
100001973704207
1019908618
100003337756865
1679842027
1843951401
100000187476122
100004609201919
100000410350347
100000939494058
1170700418
100000257313499
1241807400
100004230943192
1669977610
100000523423793
1540978207
1517779137
687946389
748389170
1737128647
1624655514
1296164304
1414146794
100000404612745
697744052
1201279982
1198668921
100005354350115
100001476033953
620168028
724011524
100000511338313
100000645653905
100001699625017
707463632
1685898652
1425883878
701278045
100000004198461
534509869
799703495
100001089072593
1085091594
100000329924656
100000112638703
1320104588
1225069000
619254837
1002962645
531424050
100001862170859
1446913235
100001075485500
763338306
670883219
100002314647243
896505001
100000451455607
1108956463
807121841
747119555
100000219085120
1596208300
1576908747
100000098477448
100000424869465
1664644068
100000146764013
1082318449
